"label","statuses_count","followers_count","friends_count","favourites_count","listed_count","lang","time_zone","location","is_translator","follow_request_sent","protected","verified","notifications","contributors_enabled","following"
0.4528
0.4517
0.5316
0.5309
0.5301
0.5385
0.5505
0.5694
0.5886
0.5962
0.6035
0.6031
0.6053
0.6060
0.7197
0.7237
0.7266
0.7309
0.7335
0.8522
0.8515
0.8537
0.8555
0.8584
0.8638
0.8664
0.8667
0.8653
0.8598
0.8631
0.8693
0.8740
0.8755
0.8765
0.8700
0.8595
0.8577
0.8725
0.8602
0.8758
0.8802
0.8809
0.8838
0.8849
0.8842
0.8827
0.8729
0.8689
0.8646
0.8646
0.8711
0.8813
0.8671
0.8627
0.8805
0.8856
0.8831
0.8838
0.8791
0.8722
0.8791
0.8805
0.8824
0.8824
0.8827
0.8834
0.8893
0.8831
0.8860
0.8827
0.8820
0.8827
0.8820
0.8598
0.8631
0.8624
0.8660
0.8696
0.8736
0.8755
0.8903
0.8962
0.8987
0.8929
0.8893
0.8871
0.8882
0.8885
0.8882
0.8874
0.8900
0.8925
0.8925
0.8943
0.8947
0.8914
0.8976
0.9001
0.8969
0.8980
0.8965
0.8972
0.8987
0.8965
0.8943
0.8809
0.8802
0.8805
0.8853
0.8900
0.9005
0.9023
0.8983
0.8972
0.8943
0.8925
0.8900
0.8903
0.8932
0.8962
0.9027
0.9034
0.9052
0.9027
0.8969
0.9045
0.8922
0.9009
0.9147
0.9001
0.9194
0.9201
0.9009
0.8947
0.8932
0.8943
0.8983
0.9074
0.9078
0.9078
0.9208
0.9067
0.9056
0.9125
0.9158
0.9165
0.9183
0.9187
0.9245
0.9230
0.9267
0.9245
0.9237
0.9248
0.9201
0.9241
0.9259
0.9263
0.9277
0.9292
0.9299
0.9274
0.9267
0.9252
0.9285
0.9234
0.9325
0.9277
0.9288
0.9241
0.9281
0.9332
0.9183
0.9263
0.9237
0.9205
0.9241
0.9256
0.9132
0.9216
0.9201
0.9252
0.9296
0.9321
0.9343
0.9339
0.9219
0.9183
0.9208
0.9176
0.9252
0.9296
0.9285
0.9281
0.9332
0.9365
0.9212
0.9303
0.9230
0.9230
0.9245
0.9245
0.9285
0.9267
0.9296
0.9277
0.9281
0.9241
0.9227
0.9219
0.9270
0.9317
0.9296
0.9306
0.9288
0.9263
0.9270
0.9317
0.9270
0.9270
0.9285
0.9314
0.9321
0.9328
0.9194
0.9306
0.9310
0.9303
0.9234
0.9219
0.9285
0.9310
0.9386
0.9379
0.9434
0.9368
0.9299
0.9274
0.9325
0.9437
0.9375
0.9357
0.9296
0.9325
0.9336
0.9317
0.9321
0.9332
0.9357
0.9372
0.9390
0.9405
0.9325
0.9368
0.9365
0.9285
0.9314
0.9310
0.9321
0.9343
0.9365
0.9375
0.9368
0.9372
0.9368
0.9306
0.9317
0.9343
0.9365
0.9372
0.9379
0.9379
0.9372
0.9412
0.9423
0.9481
0.9492
0.9542
0.9572
0.9550
0.9405
0.9350
0.9332
0.9303
0.9357
0.9332
0.9129
0.9350
0.9317
0.9303
0.9299
0.9216
0.9415
0.9397
0.9383
0.9455
0.9546
0.9510
0.9582
0.9325
0.9096
0.9292
0.9423
0.9564
0.9521
0.9477
0.9401
0.9408
0.9441
0.9455
0.9481
0.9492
0.9513
0.9513
0.9546
0.9557
0.9550
0.9550
0.9590
0.9506
0.9513
0.9542
0.9488
0.9579
0.9510
0.9477
0.9542
0.9608
0.9564
0.9572
0.9575
0.9521
0.9513
0.9448
0.9506
0.9524
0.9528
0.9542
0.9561
0.9499
0.9452
0.9459
0.9535
0.9401
0.9513
0.9517
0.9455
0.9405
0.9386
0.9394
0.9419
0.9412
0.9408
0.9332
0.9339
0.9397
0.9361
0.9492
0.9415
0.9415
0.9535
0.9430
0.9517
0.9477
0.9524
0.9492
0.9503
0.9561
0.9593
0.9510
0.9481
0.9430
0.9343
0.9357
0.9350
0.9346
0.9437
0.9426
0.9441
0.9466
0.9448
0.9390
0.9354
0.9405
0.9455
0.9455
0.9365
0.9397
0.9470
0.9299
0.9212
0.9212
0.9085
0.9263
0.9357
0.9332
0.9310
0.9328
0.9350
0.9444
0.9419
0.9408
0.9386
0.9397
0.9397
0.9412
0.9423
0.9423
0.9441
0.9473
0.9499
0.9437
0.9499
0.9503
0.9492
0.9470
0.9488
0.9484
0.9473
0.9473
0.9488
0.9510
0.9517
0.9539
0.9513
0.9542
0.9517
0.9484
0.9477
0.9405
0.9372
0.9419
0.9444
0.9463
0.9441
0.9408
0.9455
0.9423
0.9441
0.9328
0.9430
0.9426
0.9441
0.9532
0.9492
0.9426
0.9187
0.9179
0.9434
0.9317
0.9194
0.9230
0.9306
0.9354
0.9267
0.9361
0.9368
0.9259
0.9219
0.9237
0.9288
0.9346
0.9281
0.9201
0.9252
0.9430
0.9405
0.9426
0.9434
0.9339
0.9343
0.9408
0.9506
0.9405
0.9306
0.9285
0.9281
0.9325
0.9379
0.9441
0.9455
0.9484
0.9521
0.9510
0.9448
0.9383
0.9408
0.9426
0.9401
0.9408
0.9437
0.9444
0.9444
0.9484
0.9503
0.9521
0.9550
0.9546
0.9550
0.9535
genuine_account	social_spambot	traditional_spambot	
849 011 036 | genuine_account
016 1165 029 | social_spambot
007 034 607 | traditional_spambot

0.9517