"label","profile_text_color","profile_background_color","profile_link_color","profile_sidebar_fill_color","Profile_text_color","statuses_count","followers_count","friends_count","favourites_count","listed_count","lang","time_zone","location","is_translator","follow_request_sent","protected","verified","notifications","contributors_enabled","following"
0.6325
0.6823
0.6369
0.6235
0.6235
0.6344
0.6547
0.6972
0.7139
0.7364
0.7593
0.7567
0.7219
0.6983
0.7052
0.7153
0.8326
0.8489
0.8399
0.8428
0.8504
0.8635
0.8624
0.8544
0.8497
0.8646
0.8740
0.8736
0.8740
0.8744
0.8493
0.8511
0.8508
0.8493
0.8504
0.8511
0.8504
0.8515
0.8529
0.8558
0.8569
0.8794
0.8725
0.8762
0.8849
0.8860
0.8769
0.8824
0.8638
0.8860
0.8871
0.8798
0.8853
0.8842
0.8885
0.8882
0.8867
0.8867
0.8878
0.8907
0.8751
0.8696
0.8686
0.8696
0.8722
0.8776
0.8896
0.8653
0.8718
0.8784
0.8682
0.8686
0.8671
0.8686
0.8711
0.8936
0.9081
0.9165
0.8998
0.8962
0.8896
0.8805
0.8838
0.8900
0.8954
0.8962
0.8983
0.9005
0.8991
0.8998
0.9016
0.9023
0.9038
0.9136
0.9107
0.9067
0.9060
0.9085
0.9183
0.8871
0.9012
0.9052
0.9110
0.9201
0.9405
0.9321
0.9190
0.9198
0.9227
0.9296
0.9361
0.9143
0.9306
0.9136
0.9201
0.9325
0.9368
0.9328
0.9285
0.9408
0.9390
0.9368
0.9306
0.9346
0.9227
0.9147
0.9317
0.9379
0.9241
0.9328
0.9314
0.9325
0.9267
0.9179
0.9223
0.9049
0.8943
0.8824
0.8932
0.8940
0.9005
0.9139
0.9223
0.9208
0.9237
0.9270
0.9303
0.9234
0.9281
0.9194
0.9198
0.9248
0.9281
0.9274
0.9277
0.9263
0.9285
0.9299
0.9296
0.9285
0.9281
0.9267
0.9143
0.9263
0.9165
0.9114
0.9103
0.9147
0.9158
0.9158
0.9205
0.9198
0.9216
0.9245
0.9256
0.9248
0.9241
0.9234
0.9234
0.9219
0.9227
0.9230
0.9223
0.9198
0.9205
0.9248
0.9277
0.9256
0.9259
0.9245
0.9234
0.9212
0.9212
0.9241
0.9267
0.9281
0.9299
0.9314
0.9325
0.9252
0.9317
0.9317
0.9285
0.9292
0.9303
0.9303
0.9314
0.9306
0.9277
0.9277
0.9267
0.9277
0.9281
0.9285
0.9306
0.9306
0.9259
0.9219
0.9187
0.9183
0.9201
0.9194
0.9212
0.9212
0.9230
0.9248
0.9321
0.9314
0.9270
0.9216
0.9205
0.9245
0.9350
0.9223
0.9237
0.9296
0.9277
0.9241
0.9216
0.9179
0.9165
0.9154
0.9179
0.9190
0.9223
0.9259
0.9317
0.9277
0.9267
0.9274
0.9263
0.9252
0.9227
0.9237
0.9267
0.9285
0.9292
0.9296
0.9310
0.9328
0.9285
0.9299
0.9277
0.9198
0.9165
0.9172
0.9234
0.9285
0.9292
0.9288
0.9198
0.9143
0.9110
0.9150
0.9158
0.9136
0.9165
0.9198
0.9219
0.9234
0.9256
0.9310
0.9310
0.9303
0.9274
0.9248
0.9241
0.9234
0.9248
0.9230
0.9259
0.9274
0.9303
0.9310
0.9332
0.9317
0.9325
0.9328
0.9332
0.9339
0.9332
0.9343
0.9339
0.9346
0.9350
0.9339
0.9339
0.9473
0.9455
0.9441
0.9426
0.9434
0.9430
0.9390
0.9437
0.9444
0.9463
0.9473
0.9488
0.9503
0.9517
0.9535
0.9397
0.9368
0.9372
0.9477
0.9459
0.9466
0.9470
0.9510
0.9517
0.9532
0.9528
0.9343
0.9383
0.9346
0.9386
0.9227
0.9085
0.9336
0.9354
0.9375
0.9390
0.9386
0.9375
0.9361
0.9368
0.9375
0.9332
0.9310
0.9292
0.9212
0.9277
0.9321
0.9346
0.9339
0.9346
0.9310
0.9310
0.9183
0.9139
0.9172
0.9223
0.9172
0.9165
0.9263
0.9263
0.9263
0.9288
0.9303
0.9288
0.9314
0.9310
0.9296
0.9256
0.9223
0.9208
0.9208
0.9223
0.9252
0.9256
0.9230
0.9405
0.9430
0.9296
0.9234
0.9332
0.9216
0.9219
0.9216
0.9241
0.9328
0.9477
0.9506
0.9506
0.9524
0.9546
0.9561
0.9317
0.9317
0.9321
0.9325
0.9328
0.9314
0.9328
0.9321
0.9303
0.9299
0.9321
0.9325
0.9325
0.9325
0.9332
0.9339
0.9270
0.9296
0.9317
0.9288
0.9288
0.9299
0.9310
0.9314
0.9332
0.9361
0.9343
0.9375
0.9390
0.9412
0.9437
0.9444
0.9441
0.9441
0.9517
0.9321
0.9274
0.9234
0.9223
0.9267
0.9306
0.9343
0.9172
0.9147
0.9103
0.9092
0.9089
0.9089
0.9089
0.9114
0.9121
0.9114
0.9136
0.9132
0.9139
0.9139
0.9136
0.9139
0.9136
0.9132
0.9158
0.9332
0.9274
0.9248
0.9219
0.9216
0.9216
0.9208
0.9201
0.9187
0.9208
0.9219
0.9230
0.9245
0.9325
0.9310
0.9285
0.9292
0.9317
0.9336
0.9281
0.9194
0.9125
0.9245
0.9339
0.9343
0.9332
0.9336
0.9354
0.9365
0.9361
0.9397
0.9405
0.9379
0.9593
0.9495
0.9488
0.9535
0.9524
0.9513
0.9513
0.9463
genuine_account	social_spambot	traditional_spambot	
829 019 048 | genuine_account
014 1174 022 | social_spambot
006 019 623 | traditional_spambot

0.9535