"label","statuses_count","followers_count","friends_count","favourites_count","listed_count","lang","time_zone","location","is_translator","follow_request_sent","protected","verified","notifications","contributors_enabled","following"
0.5002
0.5320
0.5170
0.4598
0.4585
0.4507
0.4567
0.5928
0.6482
0.7063
0.8352
0.8579
0.8606
0.8606
0.8611
0.8656
0.8670
0.8675
0.8670
0.8665
0.8665
0.8670
0.8652
0.8656
0.8638
0.8670
0.8675
0.8693
0.8715
0.8557
0.8661
0.8738
0.8747
0.8738
0.8620
0.8711
0.8729
0.8697
0.8747
0.8670
0.8738
0.8752
0.8743
0.8765
0.8761
0.8770
0.8747
0.8765
0.8793
0.8793
0.8779
0.8783
0.8793
0.8838
0.8779
0.8747
0.8770
0.8797
0.8806
0.8824
0.8865
0.8856
0.8852
0.8861
0.8947
0.8924
0.8879
0.8829
0.8901
0.8924
0.8861
0.8861
0.8888
0.8933
0.8965
0.8961
0.8961
0.8974
0.8983
0.9006
0.8933
0.8947
0.9001
0.9006
0.8947
0.8988
0.9001
0.8951
0.8988
0.8974
0.8906
0.8879
0.8911
0.8929
0.8883
0.8906
0.8938
0.8938
0.8911
0.8929
0.8947
0.8961
0.8970
0.8951
0.8988
0.8970
0.8992
0.9020
0.9169
0.9088
0.9224
0.9083
0.9020
0.9119
0.9133
0.9169
0.9192
0.9206
0.9228
0.9224
0.9224
0.9215
0.9197
0.9001
0.8956
0.8970
0.8979
0.8992
0.8979
0.8970
0.8997
0.8974
0.8988
0.9020
0.9038
0.9051
0.9060
0.9074
0.9233
0.9197
0.9101
0.9178
0.9006
0.9010
0.9006
0.8988
0.8970
0.9024
0.9029
0.9024
0.9029
0.9029
0.9038
0.8983
0.9201
0.9174
0.9392
0.9365
0.9187
0.9183
0.9351
0.9319
0.9269
0.9278
0.9310
0.9278
0.9346
0.9192
0.9233
0.9346
0.9392
0.9251
0.9187
0.9192
0.9197
0.9183
0.9197
0.9033
0.9187
0.9237
0.9260
0.9265
0.9237
0.9242
0.9197
0.9246
0.9187
0.9060
0.9165
0.9206
0.9360
0.9374
0.9433
0.9424
0.9419
0.9296
0.9305
0.9256
0.9151
0.8988
0.9101
0.9283
0.9333
0.9369
0.9174
0.9174
0.9074
0.9169
0.9210
0.9187
0.9183
0.9201
0.9201
0.9219
0.9210
0.9242
0.9088
0.9174
0.9424
0.9401
0.9365
0.9365
0.9301
0.9360
0.9342
0.9337
0.9210
0.9237
0.9360
0.9396
0.9246
0.9224
0.9224
0.9219
0.9224
0.9219
0.9224
0.9256
0.9147
0.9265
0.9246
0.9224
0.9333
0.9469
0.9455
0.9451
0.9419
0.9428
0.9428
0.9424
0.9437
0.9460
0.9396
0.9378
0.9305
0.9365
0.9383
0.9365
0.9424
0.9428
0.9410
0.9455
0.9424
0.9424
0.9342
0.9419
0.9424
0.9433
0.9251
0.9269
0.9269
0.9283
0.9414
0.9378
0.9392
0.9287
0.9355
0.9337
0.9355
0.9365
0.9387
0.9428
0.9442
0.9451
0.9446
0.9460
0.9469
0.9392
0.9333
0.9451
0.9419
0.9378
0.9455
0.9442
0.9442
0.9228
0.9224
0.9265
0.9446
0.9383
0.9419
0.9410
0.9401
0.9405
0.9405
0.9401
0.9405
0.9197
0.9187
0.9178
0.9197
0.9192
0.9374
0.9383
0.9387
0.9374
0.9378
0.9419
0.9469
0.9460
0.9414
0.9428
0.9437
0.9442
0.9460
0.9455
0.9414
0.9437
0.9414
0.9405
0.9405
0.9414
0.9437
0.9460
0.9492
0.9483
0.9473
0.9492
0.9496
0.9496
0.9514
0.9537
0.9551
0.9483
0.9464
0.9510
0.9419
0.9365
0.9487
0.9378
0.9505
0.9473
0.9469
0.9460
0.9424
0.9414
0.9451
0.9473
0.9433
0.9242
0.9424
0.9410
0.9265
0.9369
0.9346
0.9387
0.9469
0.9351
0.9446
0.9442
0.9446
0.9464
0.9492
0.9523
0.9532
0.9519
0.9514
0.9496
0.9487
0.9505
0.9514
0.9514
0.9551
0.9528
0.9424
0.9410
0.9523
0.9514
0.9510
0.9501
0.9501
0.9501
0.9478
0.9519
0.9210
0.9178
0.9242
0.9532
0.9483
0.9487
0.9483
0.9505
0.9532
0.9523
0.9228
0.9265
0.9242
0.9278
0.9337
0.9523
0.9519
0.9510
0.9496
0.9510
0.9523
0.9555
0.9460
0.9532
0.9496
0.9473
0.9414
0.9392
0.9424
0.9451
0.9451
0.9455
0.9451
0.9446
0.9428
0.9392
0.9424
0.9433
0.9460
0.9487
0.9505
0.9519
0.9514
0.9528
0.9514
0.9483
0.9451
0.9428
0.9437
0.9469
0.9492
0.9478
0.9510
0.9523
0.9455
0.9315
0.9215
0.9237
0.9178
0.9169
0.9256
0.9265
0.9287
0.9283
0.9256
0.9269
0.9451
0.9374
0.9360
0.9464
0.9510
0.9532
0.9537
0.9555
0.9555
0.9573
0.9569
0.9573
0.9578
0.9573
0.9564
0.9560
0.9555
0.9546
0.9510
0.9551
0.9569
0.9564
0.9596
0.9578
0.9542
0.9587
0.9551
0.9532
0.9555
0.9537
0.9523
0.9532
0.9528
0.9519
0.9523
0.9532
0.9532
0.9537
0.9551
0.9537
genuine_account	social_spambot	traditional_spambot	
703 023 007 | genuine_account
016 938 013 | social_spambot
018 012 474 | traditional_spambot

0.9596