"label","profile_text_color","profile_background_color","profile_link_color","profile_sidebar_fill_color","profile_text_color"
0.4517
0.4517
0.4517
0.4517
0.4517
0.4517
0.4517
0.4517
0.4517
0.4517
0.4517
0.4517
0.4517
0.4517
0.4517
0.4517
0.4517
0.4517
0.4517
0.4517
0.4517
0.4524
0.4670
0.4742
0.4775
0.4804
0.5835
0.5915
0.5962
0.6009
0.6035
0.6078
0.6129
0.6986
0.7117
0.7157
0.7186
0.7219
0.7229
0.7244
0.7248
0.7251
0.7262
0.7262
0.7288
0.7302
0.7317
0.7317
0.7324
0.7451
0.7455
0.7455
0.7473
0.7487
0.7505
0.7520
0.7531
0.8362
0.8355
0.8351
0.8348
0.8351
0.8348
0.8348
0.8341
0.8337
0.8333
0.8330
0.8344
0.8344
0.8333
0.8326
0.8315
0.8308
0.8330
0.8315
0.8402
0.8395
0.8395
0.8395
0.8406
0.8410
0.8410
0.8402
0.8402
0.8402
0.8402
0.8406
0.8406
0.8410
0.8406
0.8406
0.8406
0.8406
0.8399
0.8399
0.8399
0.8399
0.8399
0.8399
0.8388
0.8388
0.8388
0.8402
0.8406
0.8402
0.8406
0.8413
0.8413
0.8410
0.8413
0.8413
0.8413
0.8413
0.8413
0.8413
0.8413
0.8413
0.8413
0.8413
0.8413
0.8413
0.8420
0.8424
0.8428
0.8428
0.8428
0.8428
0.8424
0.8424
0.8428
0.8435
0.8439
0.8442
0.8442
0.8446
0.8450
0.8453
0.8453
0.8450
0.8450
0.8450
0.8450
0.8450
0.8450
0.8450
0.8450
0.8450
0.8450
0.8450
0.8450
0.8453
0.8453
0.8453
0.8453
0.8453
0.8457
0.8460
0.8464
0.8464
0.8464
0.8464
0.8464
0.8464
0.8464
0.8464
0.8464
0.8464
0.8464
0.8464
0.8464
0.8464
0.8464
0.8468
0.8471
0.8471
0.8475
0.8482
0.8482
0.8493
0.8493
0.8493
0.8493
0.8489
0.8489
0.8489
0.8493
0.8493
0.8493
0.8493
0.8493
0.8500
0.8500
0.8504
0.8508
0.8508
0.8508
0.8508
0.8508
0.8508
0.8508
0.8508
0.8511
0.8511
0.8511
0.8511
0.8511
0.8511
0.8511
0.8511
0.8511
0.8515
0.8515
0.8519
0.8519
0.8519
0.8519
0.8519
0.8519
0.8519
0.8519
0.8515
0.8515
0.8515
0.8515
0.8515
0.8515
0.8515
0.8515
0.8515
0.8515
0.8515
0.8515
0.8515
0.8515
0.8515
0.8515
0.8515
0.8515
0.8519
0.8519
0.8519
0.8519
0.8519
0.8519
0.8519
0.8519
0.8519
0.8519
0.8519
0.8519
0.8519
0.8519
0.8519
0.8519
0.8519
0.8519
0.8519
0.8519
0.8519
0.8519
0.8519
0.8519
0.8519
0.8519
0.8519
0.8519
0.8519
0.8526
0.8526
0.8526
0.8526
0.8526
0.8526
0.8526
0.8526
0.8526
0.8526
0.8526
0.8526
0.8522
0.8522
0.8522
0.8522
0.8522
0.8522
0.8522
0.8519
0.8522
0.8522
0.8522
0.8522
0.8522
0.8522
0.8522
0.8522
0.8522
0.8522
0.8522
0.8522
0.8522
0.8522
0.8519
0.8519
0.8519
0.8519
0.8519
0.8519
0.8519
0.8519
0.8519
0.8519
0.8519
0.8519
0.8519
0.8519
0.8519
0.8519
0.8519
0.8519
0.8519
0.8519
0.8519
0.8519
0.8519
0.8519
0.8519
0.8519
0.8519
0.8519
0.8519
0.8519
0.8519
0.8519
0.8519
0.8519
0.8519
0.8519
0.8522
0.8522
0.8522
0.8522
0.8522
0.8522
0.8522
0.8522
0.8522
0.8522
0.8522
0.8522
0.8522
0.8522
0.8522
0.8522
0.8519
0.8519
0.8519
0.8519
0.8519
0.8519
0.8519
0.8519
0.8519
0.8519
0.8519
0.8519
0.8519
0.8519
0.8519
0.8519
0.8522
0.8522
0.8522
0.8522
0.8522
0.8522
0.8522
0.8522
0.8522
0.8522
0.8522
0.8522
0.8522
0.8522
0.8522
0.8522
0.8522
0.8522
0.8522
0.8522
0.8522
0.8522
0.8519
0.8519
0.8519
0.8519
0.8519
0.8519
0.8519
0.8519
0.8519
0.8519
0.8519
0.8519
0.8519
0.8515
0.8515
0.8515
0.8515
0.8515
0.8515
0.8515
0.8515
0.8515
0.8515
0.8515
0.8515
0.8515
0.8515
0.8515
0.8515
0.8515
0.8511
0.8508
0.8508
0.8508
0.8508
0.8508
0.8511
0.8508
0.8508
0.8508
0.8508
0.8508
0.8508
0.8508
0.8508
0.8508
0.8508
0.8508
0.8508
0.8508
0.8508
0.8508
0.8508
0.8508
0.8508
0.8508
0.8508
0.8508
0.8508
0.8508
0.8508
0.8508
0.8508
0.8508
0.8508
0.8508
0.8508
0.8508
0.8511
0.8511
0.8511
0.8511
0.8511
0.8511
0.8511
0.8511
0.8511
0.8511
0.8511
0.8511
0.8511
0.8511
0.8511
0.8511
0.8511
0.8511
0.8511
0.8511
0.8511
0.8511
0.8511
0.8511
0.8511
0.8511
0.8511
0.8515
0.8515
0.8515
0.8515
0.8515
0.8519
0.8519
0.8519
0.8519
0.8519
0.8519
0.8519
0.8522
genuine_account	social_spambot	traditional_spambot	
651 129 116 | genuine_account
121 1083 006 | social_spambot
038 012 598 | traditional_spambot

0.8468